3501
748
5350
3712
8824
8008
9025
8832
7582
8028
2668
9762
9675
1266
3710
1778
2959
5940
1890
6023
5174
131
1985
7036
5081
1713
8242
4345
6985
6728
3885
317
1039
1506
8376
3679
6230
8968
2596
8298
8244
7951
4757
4404
517
2798
4248
1557
8519
4162
523
7814
742
6056
6902
1839
1923
5479
5897
6264
1141
6030
8730
8675
5968
4521
7248
9546
6901
65
9301
586
6348
758
1441
1373
9065
4286
9781
1305
9986
2997
690
3589
1201
2117
7643
5927
1193
8596
6447
5684
8458
2638
5534
5901
7482
7454
2147
6791
5653
6769
8097
2887
2628
9027
5345
528
7767
5195
6650
9836
832
1323
9120
2109
6059
3683
7304
4366
9711
6706
1750
7839
7433
7736
6851
757
1005
9816
3059
6884
9148
9308
8853
7273
6295
1080
3991
8345
9900
1814
7246
2122
7186
570
29
7323
3884
4240
1790
4532
9429
2916
4581
6451
7798
7646
1709
1449
4834
9188
2637
8464
7598
6993
7785
534
3868
4783
9313
9354
6606
4801
9731
2924
9092
8302
4799
6486
4361
1564
4401
2698
7247
5992
5510
701
579
1479
2077
583
2290
8626
8992
4014
6595
6770
4487
2591
5867
5530
3661
4865
5406
3960
6567
195
7547
9630
4482
109
5421
3662
9300
1016
4041
8500
3365
2165
8055
861
8825
6608
527
4561
5025
8555
5191
6587
2707
8579
3512
3830
8262
9709
5368
7163
3961
8690
1503
2129
4394
4002
4599
7823
1970
9204
5826
8588
9125
3899
6739
7929
7698
5855
9030
2116
3089
8422
807
8176
2598
3075
3307
8781
3738
6703
800
2909
8047
4239
3447
2647
9990
5917
9085
3224
9442
464
8145
1391
2775
2468
4022
7101
3648
2699
3975
7260
4793
5978
8937
5375
9691
4538
311
8582
2749
7647
8288
1661
1772
2339
4024
6759
3982
5843
1372
2180
6936
2450
357
1764
9159
5360
7331
6100
8646
21
1700
4425
4441
1415
1427
3229
8093
8714
1258
8437
833
1976
1077
2600
3743
5756
977
5492
6448
8232
7200
7638
7579
9410
115
9291
6584
1998
600
831
9154
7417
1974
2865
7190
9574
4053
4519
7555
5150
5450
3953
9399
7830
7694
6813
6057
2356
6662
9332
1442
6281
6663
4576
4109
3813
2993
5033
3243
965
4388
6017
7644
1559
7396
7090
1971
3363
2732
2547
805
5065
3944
8194
9716
8997
7194
7944
1195
8615
102
381
9238
5149
1122
6374
9761
7926
384
2605
8902
5716
7001
8593
8981
9195
8478
9445
9611
3629
129
5249
3182
8647
3125
1748
395
2834
4376
1461
3965
8143
6266
9224
9915
6864
1609
708
9508
2484
1216
3387
5590
6834
121
4052
294
7940
1863
5212
1582
1677
2773
9091
1139
9199
8241
1968
5698
6226
6779
862
8296
5916
169
7846
9789
4166
6732
9741
1547
6620
7867
2734
3435
8416
3154
4499
479
2022
2861
814
9306
7341
185
1064
3471
2632
5053
1140
2298
5537
8209
2565
9225
2504
5133
3289
5542
4007
3979
6267
1993
7224
4552
4039
3652
3143
480
9723
2321
7764
9272
2310
2877
4413
6455
4653
8771
3110
2231
9843
7804
5270
5591
4530
4643
7133
7994
7578
4639
560
9607
4661
5735
2837
5676
4332
9258
8922
1800
3772
2999
8668
6961
2601
4033
6074
2525
5658
173
7890
8976
912
1116
1569
9394
6660
8527
342
9562
8637
7572
8479
6690
3175
902
7745
1794
3704
3171
9935
88
68
1712
8878
5683
2414
3499
6731
7503
864
463
4623
4524
5076
3225
4803
9667
5990
455
3871
2354
6439
3174
1376
9662
9873
4658
3348
7403
1132
1480
6756
784
3534
325
8958
564
3877
6655
8074
8124
3486
3508
2337
7054
2578
5420
8247
4919
7587
8747
2927
5214
2377
6865
6311
9589
8774
2858
5931
6277
9514
2233
6767
7470
7394
546
9710
610
8770
7932
9672
7083
7312
2590
4264
7534
3839
7275
1025
5803
4901
8417
6198
1463
78
1654
6256
4243
136
7219
8648
4420
4110
6530
3687
7159
2611
5181
3862
9820
5852
5400
4846
2928
8305
209
718
2004
1894
7238
8604
7291
8857
6366
7872
9979
6796
6624
730
8240
2210
1288
6500
1237
4439
9621
6275
8860
2041
8245
533
7915
3492
874
2604
6702
4433
5951
57
6375
3878
3426
9246
7373
7713
14
3559
2816
4184
6343
9970
4936
9705
6220
4999
894
6065
944
8379
4285
8167
335
6956
2800
3068
3541
7919
5512
4990
1213
8082
3086
5661
7178
827
6598
7746
60
54
6364
222
8137
8086
2406
1003
2301
4466
4316
4092
1435
1642
4139
5944
9417
4226
3014
2498
30
6879
4134
4585
4330
3578
9524
4831
7630
7097
3834
4311
7408
6725
4269
9962
4483
2424
3120
1176
1851
9185
3102
5613
1071
8035
6693
1627
3222
8844
6544
1488
714
5276
6113
7278
2003
9828
1507
8444
3775
3446
2920
4367
813
6356
919
4807
3551
955
1154
4743
5239
4274
2285
7049
120
3504
5465
8440
7020
7795
4666
2158
1191
5436
8818
9363
34
3441
2175
5985
5079
9605
6647
7410
1248
1453
5663
3672
1321
4826
2239
9375
5776
2161
2273
5367
5388
2360
2708
7706
4135
7524
6951
3946
8898
3507
5753
3505
2408
2351
3107
9540
7325
1308
8830
1912
9175
5875
3618
3785
8725
8284
1508
4129
6978
4967
4262
1672
2236
8921
1297
908
5399
9646
8890
3329
2308
7661
7034
5069
1134
9505
2742
4678
7832
5374
763
7849
5014
2079
5928
8605
1989
7562
9380
4920
3674
3460
5048
3390
5469
7074
8809
974
8487
9700
9953
5322
5998
904
6183
3235
4157
3147
4365
824
3677
2706
3179
4688
2625
8293
9520
7655
4634
2344
4013
5082
439
4151
6101
2002
2085
9449
1788
6945
2491
2021
4898
8191
235
664
996
2473
4938
2659
3852
6233
6971
1227
5433
2529
5334
3598
8095
5131
4762
167
4254
6911
7935
172
5555
7425
2730
6495
1338
2358
4903
3591
6391
7682
3286
3378
3024
8836
4048
7419
8117
320
4385
9578
6152
5180
9963
2739
2137
3044
2967
947
1164
6613
8505
5475
263
9538
5240
7492
9111
6310
2164
8274
2178
2929
427
8731
8065
5962
8927
6802
2767
9897
3117
2901
9634
132
1648
9893
722
6415
5864
35
1852
2032
8861
6679
1718
6758
5794
7070
245
4389
6981
6357
1180
734
5256
6110
8063
2293
1008
101
5103
1981
9603
4069
5453
4370
982
6967
4514
4485
1777
3555
9968
2479
5760
8939
2208
3810
3353
5197
8691
9882
1006
939
7707
2230
8070
3336
2700
7141
6060
369
2968
3869
293
7288
5777
6459
6136
4966
3914
7573
3230
9365
4197
6333
3097
8174
8032
2973
6642
6652
388
1632
3163
9901
1358
9561
6467
3451
6037
8650
755
5860
7838
9615
1522
3886
2464
626
6887
9440
9463
4319
5606
2716
9834
613
1872
4839
3057
2985
4355
1483
3769
3421
1824
9431
2822
5807
7113
8210
4130
7464
9929
4347
1014
2220
2297
7819
8627
3838
8381
2176
9501
8867
334
9750
7581
5787
5619
2592
9134
417
2666
3566
7667
7368
5762
2219
3337
72
7437
5376
863
8572
8766
7313
5373
2622
9804
4974
368
8630
865
8556
3389
7175
8382
9747
1498
9509
4588
6437
5074
1674
8908
4249
7286
2703
298
9041
2429
8314
5045
2243
9081
3197
2229
1600
6745
2756
377
2568
9304
7811
269
9114
6025
6572
4542
6215
4680
4192
1336
9916
9924
5038
6061
9706
1484
7472
7869
2393
7945
7455
5052
4900
7612
6627
9129
6331
3172
6964
3658
5584
7357
3434
5236
9367
3616
8208
5451
7976
866
1803
1540
7274
1685
9256
9298
8318
3857
9293
1291
2212
9745
7870
2235
3359
155
3325
9075
1899
2292
4722
7371
5482
4523
4199
652
4331
9414
4860
5186
4580
4587
8409
3513
3790
629
3091
2346
4655
1802
7791
3628
2841
441
2296
3023
3177
7920
609
9923
1847
9651
5956
4012
8842
7748
923
2294
1342
4946
5061
9128
7666
9289
4885
266
4362
2857
2413
3284
6200
9975
9401
7451
633
1065
7554
4985
8418
9360
7460
287
6720
8094
3955
1028
5198
6654
9074
7754
1259
3157
2723
8639
4215
6588
4739
3913
3909
4228
728
6537
8752
3526
5312
5242
3490
3748
2232
2469
4045
512
63
7537
1919
6640
8183
7137
4683
3536
9403
97
4895
1751
1996
7420
8259
4470
4068
1969
7717
6182
5814
3600
8724
1588
7014
8810
611
4544
9222
4593
2533
2418
6482
508
5614
7221
4471
2902
9168
4848
5085
4025
5839
7971
9729
4391
8130
7462
9089
8807
4792
2183
5315
603
6109
6617
6088
5915
3745
1612
2506
3357
2538
6551
754
4971
159
7120
9108
4761
7418
450
2966
5686
2095
816
577
5526
5035
1639
6724
2471
5496
4511
5046
4727
5244
9513
4380
1013
7369
2371
1210
9721
323
6334
9115
3567
9050
6549
3092
6125
9839
8856
6433
8942
4945
5769
9902
1451
3207
3880
260
5371
6525
7494
6303
1004
984
3321
6905
6225
2012
8412
7126
7588
3556
1924
9071
8694
8328
9758
9227
4098
836
7551
8539
5845
5303
9707
7201
5260
486
1273
4994
7411
7670
5041
1902
1960
4863
1437
9689
1509
6910
312
7012
4125
8897
8840
1387
8355
2265
9849
9171
5639
6658
7250
1895
8606
5973
3717
5529
5705
2926
7989
8109
2368
1388
2626
9618
7899
1115
6138
1646
941
7842
2984
3361
9610
5162
720
2015
5294
9446
5920
8754
4707
7606
2939
2477
1933
1941
8609
2895
1603
5347
9532
8014
1913
4818
580
6286
59
6412
4657
4386
7570
123
9491
8271
9619
7960
7852
2419
1776
1432
4097
6819
5792
3327
8332
6643
6289
7243
5091
4407
3209
8383
2683
4099
5326
2624
1585
1349
9944
9434
8346
9698
514
8399
9859
2089
4106
8216
2765
1205
7784
5078
1626
6512
4910
8837
1351
3082
9857
5987
6960
9214
7946
6677
2446
3216
51
6741
4889
7732
1567
2617
3653
9941
4602
7401
6649
1584
9406
350
3398
7485
565
2766
691
2645
9575
5943
9996
3932
6139
1136
8644
1601
2069
2864
2505
9034
7843
8817
7862
6697
2203
9937
3533
6053
7372
9329
8591
5295
9432
4777
1705
4030
4591
4188
8007
1294
6694
2314
6265
1455
2195
3522
6018
6816
2937
1422
7427
2483
27
2532
3765
8511
5540
8375
6850
6406
5876
4479
6729
736
4755
4336
9676
6188
1879
6252
4557
5135
1069
7452
8740
6671
8522
6058
2037
9319
8624
1561
8166
9012
6675
2020
3901
9754
6132
3799
4409
8729
9604
1822
7593
4642
1222
7831
214
4854
1377
2717
2112
1172
5823
2714
1903
5958
9811
5126
8883
3718
257
3923
7744
1915
5410
8793
2197
3520
7512
4509
5208
9022
3836
9616
1038
456
4652
5649
9331
331
7653
1622
1553
8815
7347
9826
6723
3902
2883
1322
6469
8113
6087
1371
1232
3440
4567
1551
989
1009
5572
1736
3587
9478
5279
4071
9864
321
1106
4790
2134
3833
8504
6680
4
5536
7028
2925
3641
8805
6178
3277
3544
9860
3976
141
7887
3444
4042
9582
8835
3009
4422
2794
3178
6179
2969
4976
5116
7181
46
3951
5810
1555
5110
768
3727
362
3206
8157
9500
3920
6730
182
37
6360
5701
9257
7184
4617
5634
4062
3355
6296
3019
2660
8205
9837
2796
8972
516
3036
2555
7747
3106
9865
6542
1448
1868
5601
2341
8363
5105
1726
9814
354
3328
8264
6436
2385
8686
774
1182
3889
3636
1333
6007
7251
9098
2338
3148
636
4603
593
2674
5660
9138
3917
6664
9152
6474
7121
7003
2919
4357
2763
9095
9190
1250
2065
5994
7576
8553
31
7065
8664
8974
4089
8195
507
6169
880
9049
7261
3918
703
5398
1467
8433
8369
4917
7980
6736
5594
1631
4279
9645
6524
3916
961
563
7766
5287
9355
9526
5755
8483
3308
5152
8616
9751
5344
3604
8309
4481
3436
116
2403
8728
4447
6241
2313
3529
2731
9999
6353
2764
7957
987
3890
1406
2054
4673
4468
7761
9164
7279
9541
1036
1416
6556
8275
8914
9080
9549
282
6047
4899
2897
4956
9066
9846
8994
2475
5043
5558
2009
4672
4087
6346
5623
1161
7686
2461
2277
4008
9202
1951
7302
3711
1743
3213
7880
4170
5459
6856
6797
5202
5893
9938
911
8424
6840
4096
1594
2207
2693
358
9368
8872
6593
2445
4997
1922
9270
8472
5900
8642
9925
6826
8325
7977
4484
8959
5832
6435
366
699
4830
283
2552
7741
7481
3753
7695
809
5168
9384
5192
3988
1375
8765
2713
3874
1133
9046
3477
3220
7739
1652
1708
3052
4874
4469
7750
6177
1973
4234
2040
7701
2055
4703
5791
2752
5609
5511
6580
4962
7650
5902
3233
5764
1001
4120
6592
9311
1644
2200
5447
5179
5856
160
4563
5378
9335
1515
1624
3948
6533
9844
7603
1474
7605
7995
2719
8401
9625
3282
2244
3802
8915
7930
1901
5268
6081
1221
4399
4709
9150
8607
4173
7800
4850
4341
2300
2635
5115
4214
6634
5747
4635
8865
4518
3576
8147
632
1410
5763
1799
348
6354
6454
6794
7416
909
8711
3528
2672
3046
837
4638
5879
3139
205
2400
2519
3381
210
2053
711
4940
8499
1655
976
8586
5224
7442
8957
4253
8282
8726
7404
8386
3410
7013
8687
62
2319
7147
1980
6040
9160
4547
4584
3939
9981
3546
5632
7740
9734
9785
8211
1256
3807
7952
3895
6541
9397
6090
8894
1727
2139
1226
3128
2772
7532
1121
2572
7942
569
3314
6607
9218
4047
3217
3804
9722
6942
1485
1315
9473
3897
1054
1255
6899
1536
4968
8638
4598
8057
8737
5593
1074
3663
7252
3176
1986
1621
4155
6863
5160
1223
2974
9932
3310
1854
3667
4480
4728
3478
9127
7450
9956
4313
4161
6000
147
5674
8457
1445
2618
219
8621
7958
5145
3992
9430
4211
1613
3853
7753
2872
3773
4408
7176
1534
6784
8551
8667
6388
8669
9259
4049
1893
9418
2006
9274
1203
930
4333
1265
225
5862
4284
3527
6991
6941
2487
401
485
4878
1620
6133
8371
3995
6121
8480
4564
8459
2094
2059
7412
4392
7177
3974
6268
7098
6161
3498
8372
4780
9930
6789
9028
1000
2709
3409
7322
9320
7847
4922
4710
2549
1011
5780
9269
5859
5977
9728
7000
3645
1962
8411
227
9891
9268
4121
6689
1597
5793
5774
9353
7218
9639
5005
6294
6313
7854
6523
853
5655
6798
2204
9594
1618
5382
2653
7393
1111
8622
1917
2958
4028
4773
6496
353
5783
7148
544
223
8742
7856
7349
1282
8469
4146
7827
9881
4575
7173
500
8792
8780
2946
7134
492
8108
3786
4290
5265
7888
1932
2644
5253
8910
9162
525
1931
7895
4387
7923
5473
3414
4606
6098
8938
550
3377
6822
4196
3788
7580
4021
1961
2948
3930
5569
5124
1163
1475
264
9918
5358
3067
5437
7560
3686
1153
777
2813
4876
5083
3854
6793
5050
4560
6483
2222
2397
3613
5485
4430
4335
7439
2569
4377
4449
4292
582
3145
8657
8128
8001
2312
3803
6565
6419
318
6852
1320
8413
6363
3583
994
2630
4909
8545
1916
1925
6659
9786
5346
7040
7543
9006
7032
2288
9939
4886
6336
7114
1656
7479
4201
6158
1285
8207
8079
9867
9521
7326
3180
3374
7124
432
5210
1261
9755
4051
6080
4594
584
8721
7308
808
3349
8101
1999
289
1587
3251
7702
3242
8461
4031
7758
2465
3098
4857
3795
2573
8775
279
6386
8969
2512
5765
2597
7912
6062
6490
886
7616
8882
5727
6781
3945
2892
9359
6501
6314
1673
170
9875
6810
9522
8000
1370
4896
8552
1904
953
5999
5795
2076
7763
2013
6507
9462
5706
3615
1602
5309
1889
3858
8215
2001
302
8576
1208
1853
2224
1478
8122
7974
4786
2963
3298
2808
785
1010
3668
9343
2536
3681
6761
7463
5697
7232
3603
3130
9110
5602
2439
465
8983
8031
7541
7755
6086
4328
252
3866
2311
8285
6217
4246
7678
2039
4086
3739
3332
1675
1157
3070
7053
497
5323
7645
3826
2119
4961
4753
6737
5925
7965
2190
2410
2755
2790
6409
4897
1493
9133
4440
9471
8246
1678
6873
7911
440
9253
246
47
4904
3855
3822
5880
145
773
5728
1473
6944
104
4055
5817
6984
9290
9726
7727
5118
554
1352
8876
3066
6582
6271
6555
2084
2416
1099
9584
6155
349
6284
6858
6933
1382
5884
3069
7475
6432
3342
6085
717
969
787
5439
7091
4247
5818
8611
9823
6519
6527
6427
1921
605
1979
7072
891
1496
1234
8739
4165
7905
6321
3340
4768
7080
5800
9303
6149
5750
1936
4870
7383
5259
4172
5905
8320
8283
3724
8887
1861
964
1837
6611
9072
2995
4343
1911
6164
9342
2070
6564
8790
6192
4287
292
7068
1243
6914
5840
9337
8402
256
3607
2270
5722
9119
6172
5557
2246
9166
3491
1362
3313
3726
975
9752
7611
2836
3530
5044
1991
7488
8907
2680
6122
8005
4379
2535
2859
5438
9181
6472
2866
2240
9725
1385
9797
1409
6672
8489
5146
9769
4396
1842
4082
5408
6692
5571
1401
2438
340
1298
3454
6376
7162
5734
452
4268
1526
9070
2343
5094
4610
4529
6240
1457
2839
2804
2448
1535
1052
5954
87
978
458
7528
9220
4732
7550
7431
5002
2267
538
5031
7881
2664
8230
6857
6764
6317
6292
5429
5493
8266
9461
4036
3341
5155
503
5084
9552
8471
5414
2743
5695
9564
5926
6344
4781
8608
8380
1343
3937
5650
8733
8799
5961
8485
8273
3657
2486
3892
3757
2652
4671
7332
552
9196
7876
8067
9004
4630
5621
9219
1383
3294
6676
9748
4804
3280
5397
75
5348
2014
1356
6208
6626
5694
6165
8750
2620
2071
9555
9765
162
8085
8106
8341
7918
1482
5167
5286
1311
6831
3973
6539
551
604
9697
178
2831
1719
9566
9250
8696
1254
4930
74
2807
9657
8533
1826
2904
262
1433
9825
6312
1476
8570
2456
3996
9537
9866
8182
4084
415
9744
5744
7690
2051
910
9086
4023
3296
2806
4941
8168
4601
2826
3319
7956
6308
1781
5560
1544
3725
9472
8738
1905
5620
1855
738
1752
4978
2457
4136
7207
2954
2042
1450
6168
4735
1045
1651
7987
6768
2259
4108
8027
8419
8652
7928
7280
5906
6862
2451
2280
6196
1130
1548
7996
2936
5036
9179
7515
1691
5434
815
6114
4432
270
9444
7600
7447
3787
5335
8554
842
100
2728
5494
392
1129
2289
8993
3571
1550
6757
5585
9666
6107
1359
3418
8404
8121
4304
4464
4189
1438
6254
673
4890
6083
6922
8235
2820
4618
7575
6526
7877
3906
9909
8096
3268
5054
3162
5950
9170
1347
9807
2711
6612
5967
8660
7793
8448
3034
7301
6463
6535
7446
8516
6718
2631
3419
6243
826
1397
2614
5746
7168
8574
4390
4344
9563
5991
8651
8564
2160
9969
6727
1928
9386
972
4478
4431
6974
650
8762
8518
5151
1331
3391
8763
9124
5858
9276
4137
5457
2557
590
2254
868
4702
4775
2362
3352
8602
103
9650
6503
2589
2639
6485
4103
7722
7268
1701
601
702
3670
7966
7119
8333
8859
1220
2819
7770
8450
2722
4808
5551
1464
9727
2585
7844
9961
1334
1239
2849
1458
9008
3287
9459
9096
8407
8251
6224
6258
9237
1238
5771
3558
4091
4221
9233
9015
2965
9770
1107
55
373
8393
8052
1744
1519
8073
8970
7257
2078
1528
6765
5955
1510
3271
7658
540
9000
6222
2930
2247
2073
300
8289
6573
9824
4590
9920
191
3022
9252
7011
5667
5204
3443
1813
4410
2890
5466
8009
9673
7501
237
1179
3214
4884
5194
5262
43
9669
2437
301
8330
7723
6423
895
175
6980
5657
2189
522
386
6396
3509
1671
5296
5603
5008
7677
7399
5163
9714
3260
3396
8734
6651
2225
7636
2782
7885
2780
7614
6193
3797
2380
5522
4438
6753
90
3705
3079
8061
367
9307
5770
4704
5009
8679
1666
446
2303
7441
1249
9547
5629
2098
4476
470
7234
8966
7211
8688
5942
3285
7858
7432
9057
9871
4881
9654
6848
6681
2720
6324
1575
9712
5416
38
5390
2992
168
3639
8292
4113
7589
7362
5738
9358
1429
8581
7
2884
614
3476
4525
6632
2407
5166
9759
2306
2083
2423
7318
6812
5568
8359
1755
1511
9370
125
7789
4670
1952
6830
3873
8759
2975
8287
640
6484
2642
7756
6618
271
6422
5283
8806
9703
1524
8936
2350
8999
3474
135
5580
6491
9753
1019
5060
5243
4923
4063
2442
1834
383
9457
9372
1268
741
1245
5812
5805
9876
5020
6022
9652
2248
250
4682
6516
8641
1698
6817
5004
1636
6416
6599
7342
2724
2404
467
5077
5055
4187
2421
846
856
8
49
3791
2091
1742
710
2726
281
5895
3605
1300
3048
4016
1590
8180
5724
9149
9003
7850
1018
3983
2135
5402
4067
5220
6983
5120
5215
3196
1805
3881
4473
1900
2889
9641
1533
5357
7348
5015
3954
1053
627
8886
2493
746
7775
9940
2196
5188
1366
6833
2694
3876
5248
8845
7873
1423
9389
1104
5341
9528
1165
7131
3028
4556
1835
8514
7092
3043
6039
2269
1580
3707
50
5971
4244
7637
4754
5027
7699
7319
8226
8223
5487
7123
5802
345
6162
4596
6698
9581
8863
8252
9542
8132
3621
3640
1219
6711
3050
885
541
678
7540
2420
3511
916
2374
3360
5269
6035
193
5132
3831
4747
578
8255
5638
7825
9213
951
536
5073
9767
2107
7314
9234
8661
5731
4764
1486
468
7169
5668
8337
4080
7021
6095
33
3697
8260
7613
1402
3054
7760
889
9435
6028
8163
3622
9184
394
6066
7355
8476
2981
4359
1393
9296
9847
3570
7502
267
9772
8982
7907
2352
2287
1978
3540
7691
767
8702
5939
3247
762
8722
8926
5947
4847
3480
7316
5743
2447
5656
1746
9993
8677
8674
459
6287
9788
8577
157
8396
4491
5169
1240
1729
1170
4152
5941
3666
2845
9545
8708
9597
6465
7735
48
9247
938
8025
4337
4263
7465
542
6253
297
3872
1274
7563
3199
7025
5340
3032
4916
4245
3642
645
6302
1317
8091
2615
7423
8919
1703
2777
2938
7889
2030
4026
8263
8870
8368
2364
8308
9467
4507
574
9016
1995
2843
2540
8202
1606
2684
7689
9736
5233
4621
5470
3372
5605
5576
5974
2508
2688
4859
8256
5148
9851
6581
7781
8083
4991
7069
8395
4094
2797
8127
8720
28
6832
5056
8077
4261
9118
3503
4684
6846
4569
8526
929
4632
9176
1765
8614
1505
1235
8442
566
6790
588
3062
3288
2332
7414
3385
998
2527
9903
6072
7642
1452
2862
2516
4597
9694
7384
6305
6300
932
4887
4270
9105
92
9889
139
3077
8874
4351
5849
4179
2550
775
1728
2027
5301
5913
1434
744
7337
7140
7392
8466
9466
9137
7287
926
6234
6820
1209
2584
735
6392
7486
2394
9822
7597
3646
1558
328
1619
8317
8494
1982
9496
5838
3936
3665
7267
8439
6244
8498
161
6174
6518
212
5689
1789
278
4692
3479
2702
1088
9609
53
3863
2036
2789
4220
400
315
4223
5285
2838
859
1173
1910
3126
6923
3347
4058
8378
5646
873
6189
5924
9624
1552
5500
8746
4836
8868
1660
1465
1942
2876
8152
7233
1953
1277
3659
6273
9649
4645
9198
6450
2541
7051
4817
5075
9810
8192
8199
8362
8484
1733
7617
7752
7679
9427
6282
9648
7725
1572
1987
1957
5363
6238
9470
1589
16
5714
4833
2316
179
2361
5709
1739
7526
5185
3306
5741
7567
407
4291
3714
1276
3887
1420
1662
4929
7453
4272
2101
9643
3523
8848
5848
7618
4212
8989
9995
7665
273
217
847
4230
9323
8744
7299
4043
3072
4445
791
9055
1873
2558
461
1131
6272
9784
6774
7010
4604
5721
2034
7595
5669
8636
2873
3417
2104
3472
435
5393
1856
1687
1935
6656
7796
2282
2063
7375
6809
9686
5898
7478
397
2276
6509
1688
4126
4140
5039
8017
177
3907
9013
8560
3002
5577
7728
9764
1975
8717
5644
5211
2528
561
3304
69
4250
9997
6147
2575
5051
5886
7226
4844
867
148
5336
8967
2182
8653
9083
8906
4210
8956
6801
9322
231
3698
1138
8388
6383
3151
4791
539
7759
8943
4723
226
5461
4493
5779
4070
7878
6705
4348
4566
2375
9671
620
6807
9436
1633
9146
3457
967
3922
7164
4342
7609
6103
8408
2517
6457
7826
660
8366
5677
5824
2744
6747
4163
2128
5448
8963
3761
4540
5209
6387
6106
2106
5189
5544
8069
8112
4423
4864
8962
5822
5834
498
7029
8528
8377
7953
1592
64
411
9977
5042
5745
5258
4797
8188
405
7057
8736
7662
8683
9122
5372
6543
8755
8804
2028
2915
6148
4871
7692
9947
9677
8426
8947
1043
5365
7229
8294
5565
562
9295
9980
7180
5331
9976
5386
9838
8496
5127
1769
4989
4948
5981
7783
6352
4551
7255
3095
5997
6625
2913
6908
3940
9443
249
8265
7294
2067
5882
6096
7300
669
4500
7276
5018
4419
1779
9595
11
8141
3109
1786
1440
3326
9479
8365
4656
4340
1076
6154
4858
5297
2355
8343
8307
6341
770
3789
8812
9318
2166
7508
9349
7236
1283
3840
1149
3633
9626
2141
5693
4308
9519
3751
2899
5205
2154
7037
8364
8129
3676
3494
6078
5816
3755
8821
5252
2206
4667
9973
8796
7059
3647
6722
7022
1087
2986
7084
9147
1617
6963
8700
670
2201
4815
9633
9576
8023
8140
2784
9262
8353
3433
2441
8033
5631
1112
3094
8776
6952
2616
433
6968
4760
8563
7146
4749
8583
5923
8427
3166
7217
8278
4237
8160
4428
3393
9385
598
6601
9093
2768
4734
3487
4381
7469
5391
3764
76
7924
7806
5980
8088
310
8046
4474
8482
4996
4969
5030
2696
7231
3257
7884
7720
2900
4893
8214
8949
7328
3228
8808
6682
9230
3964
1819
7421
9613
9833
9791
8336
2812
372
6877
5945
1988
9523
8672
1156
7703
8043
2923
2046
8434
8351
2318
8229
1346
6950
6401
326
9047
5070
1926
1798
4729
6881
4467
9695
2870
1857
7311
1062
3293
3181
3904
4913
6522
4771
4489
9802
1531
2123
6092
685
721
935
1353
3133
3047
4907
7398
7933
5037
917
19
9855
6201
8165
8071
2515
2066
1246
5596
5751
8016
8391
4719
6326
2347
7511
3008
8490
4282
4912
4486
9428
1816
7130
3820
9340
7961
1029
251
4374
2791
8681
5699
4925
1361
973
3980
7931
9422
8233
556
7023
2256
3042
9063
2026
8589
1404
1330
547
3818
5737
8565
9390
8697
4153
3135
844
9719
7172
3935
9299
4837
4611
274
5241
2824
5090
1862
1635
7256
2074
9060
797
1316
3455
5003
5184
3627
6669
5878
4810
3272
6418
8946
6743
1148
5600
1908
6924
4616
5531
1304
1040
6206
6390
8601
4746
6615
1645
2121
2990
2828
6055
1825
6202
9261
9174
9216
1949
5983
5092
9032
4018
5907
1762
7214
4164
3121
2503
7350
8610
1168
3356
9715
2829
5280
9325
2097
5219
5499
316
1658
688
66
8701
1972
749
391
5647
1098
6170
9742
2548
4232
1896
8932
5486
7620
2894
8335
6112
2275
6382
3575
6966
3870
3635
2989
4017
2760
3297
2081
5538
7271
199
2057
8361
2885
1146
8118
8449
7019
8536
8649
6104
7533
4446
6932
6994
9347
5231
2045
9798
9560
7429
7943
3383
4225
8916
2245
3249
5395
637
9622
488
3295
5228
7851
1241
3903
1174
7812
7765
242
8561
6970
2606
6979
1614
5815
3691
9720
1380
3464
7733
7624
4935
2673
9827
3411
4443
3442
8451
5889
1809
1629
7027
7290
430
4737
2961
9424
5720
2047
5811
1396
630
7949
860
3265
6259
2818
5275
3915
5919
3105
8713
4698
4363
1579
5417
4738
2814
8662
2120
457
1194
7203
1178
477
4832
4076
3408
6141
5564
5216
3957
3860
9718
7474
7458
1073
1880
6373
5570
5713
3428
2983
5456
1428
8352
6688
8460
3248
8146
7004
942
9244
8920
3407
5019
2149
8441
4646
5087
7879
2405
176
2044
408
9140
9974
5454
6771
2701
7535
236
2746
6700
9984
4794
7939
8820
5841
6934
8839
5523
7249
9487
3000
2156
1169
7327
6786
338
10000
1876
6576
7111
6513
1738
6476
7213
5881
1344
6425
9926
3949
5489
3737
4725
6600
229
4543
9490
4278
3379
3250
8961
2428
6071
6570
1247
3204
4327
680
9480
1704
1801
4368
9205
9420
8786
7986
7969
1198
9954
5506
1817
5273
25
1335
7685
7039
4032
1891
4003
1796
24
7204
6854
8996
3695
4741
7157
5789
3783
4434
6920
4181
2080
8155
9040
3805
5578
9228
9842
8530
4124
5887
3514
8053
9407
2830
3754
9346
5960
8559
1096
890
4475
7522
8196
1128
8013
940
4892
6558
8358
3237
6575
1766
8891
7081
2174
3841
9887
1892
447
6424
5029
870
1804
6361
80
6921
4005
5327
9208
6301
3609
9277
9777
990
2947
589
1810
531
2853
9283
7505
740
8773
7498
7064
2320
2982
2031
5427
481
6456
9586
8051
5021
2367
8980
756
6965
3700
3045
444
8508
304
3493
9757
6207
496
4767
5736
5877
3153
3782
233
3335
7489
1147
4612
3292
1737
6195
8360
5610
4937
2675
7544
6355
8161
130
105
2643
6707
1607
2038
7043
7891
3879
921
1523
9084
4356
8004
3449
3164
9829
5246
764
8234
3735
1539
2811
677
5790
8847
23
8311
5289
7737
9425
1570
188
6190
9492
1578
1225
4255
1735
9766
8349
6442
4112
8948
6506
5176
2721
3015
8580
1042
3816
622
5799
7317
1125
1950
2387
1231
2513
7206
3458
5226
9497
647
786
8869
4421
6709
4200
7833
9793
3928
8059
5196
7174
9936
6218
3488
5187
9333
960
8218
5156
5970
7067
2957
6636
8445
7937
854
3958
1094
9821
5010
8575
4843
2991
1491
3318
5507
8243
1741
6421
4654
5203
6883
7894
5592
5556
8066
2545
4740
9749
7199
1151
7487
9982
4498
4765
8319
8034
7773
7992
5921
5844
7445
9972
1596
6752
9157
9957
6150
5691
1469
5597
7697
5267
6917
7108
9732
9663
2492
1529
8321
6594
7988
8462
4716
6389
4891
6976
4123
6108
7950
9267
2118
2805
5946
4712
8474
950
7900
7788
6804
8858
991
689
3033
8838
4044
7340
1833
587
5749
3828
6955
2252
1211
7818
7443
819
3801
7381
9568
6918
9617
8623
4295
1326
2093
7836
9708
3594
5559
8203
5080
2821
1091
1263
3562
8326
2150
4972
9983
1610
3758
4065
898
3632
9408
1838
1102
4685
7959
7154
418
1538
5725
7914
2580
2832
2460
5739
2748
9266
8761
3463
9241
3966
4346
8501
2302
5232
2682
4455
1938
6668
7822
2751
6806
9484
7007
793
5723
7438
9911
3532
1864
6772
9879
9763
1502
1312
5290
3896
646
6247
7813
7704
4463
6328
1637
1512
7343
6986
1586
6458
2384
291
5170
151
3984
1638
6586
3261
9398
3579
2918
7324
2931
3756
1394
8665
2476
1906
113
8149
1560
4301
9226
8219
9009
5238
9853
2005
3090
5058
4293
537
8911
1124
2602
2686
8704
6710
1067
6332
4465
2844
1934
4095
7978
4647
9412
4568
2562
9668
2133
7367
7066
4545
2255
8018
6695
6335
4300
5263
8397
7352
9553
899
7009
9627
4926
413
3744
9550
1630
1576
2490
1044
1419
3469
327
7087
9955
2951
7660
4512
878
6075
4620
8658
7619
8058
3593
8342
7364
5474
4160
9517
4093
4350
9460
4046
9076
9733
4074
6452
6704
1591
9197
7457
4546
4502
7803
1808
6740
6521
7338
2317
4950
3026
3819
9756
7073
9614
1828
5071
5726
5278
4035
8990
7397
81
1830
493
9907
9946
9572
7110
5516
2587
1481
1723
1399
2521
8038
5533
7711
925
5403
1030
6893
509
6554
6837
9292
181
3875
7821
2833
641
1063
4019
934
8843
4869
58
6044
6638
2008
3682
6494
1573
3574
6380
848
1035
7434
6574
8977
4156
6288
6089
3305
6036
6498
7230
7910
9636
6890
7277
9556
1791
9921
5140
9991
2007
1683
2691
5865
3029
5305
4510
9316
3108
1021
3722
9693
6279
6982
1318
2049
2654
3273
9989
2531
7005
6073
638
3898
1027
9531
4516
4061
1721
5458
2945
2689
8541
7893
4312
2581
3127
5908
4105
4894
7941
9878
3959
5504
4827
9971
619
9813
2396
8164
7422
4081
7395
1565
9631
5641
1430
7700
6067
765
9116
2779
8119
6131
6646
442
137
3715
3323
9506
2579
802
6124
3266
2633
5574
7712
3780
1390
3736
6867
2649
515
9886
5424
379
9396
3274
4334
2261
9229
1881
5026
1490
5298
3041
772
7244
2365
4174
6538
3170
4505
6590
2788
5379
2802
454
3538
9059
7144
8928
296
5207
9877
8566
979
4565
192
3290
91
2996
4271
1625
2242
2146
1929
5933
9608
3835
1504
3998
9674
5293
9271
1142
4822
4769
9670
5476
3010
625
5407
7799
1657
13
1948
7556
6205
5288
9019
6384
5595
6378
5562
2785
573
7272
8225
6903
5890
715
1939
7973
404
8671
2757
4195
5615
3519
6475
8213
6838
8578
888
7242
5866
8659
7046
985
9312
4526
7033
1055
9315
6250
2417
6866
1983
6462
4798
9640
9
9559
3416
4689
7779
6696
1795
1262
8110
9193
4800
4774
3080
5910
1084
3456
903
2953
6897
7708
9800
2144
2977
8629
4934
462
7536
681
4733
9279
936
2980
803
6999
914
2941
4724
4372
3003
4849
8851
4219
2436
4138
2198
9951
2433
959
3584
8493
3259
7388
5440
6909
918
4329
7902
1162
1278
7871
2211
970
5936
8751
3586
6395
3394
1357
8712
9658
4717
4175
5123
82
8200
4951
1350
2663
2603
3263
2366
6316
378
1095
6871
4310
8709
4574
6665
8212
5193
9255
8339
2283
6742
1990
3234
5446
5415
3149
2564
6093
7006
4708
6280
265
8819
6749
6029
6648
431
9433
308
8248
6799
9850
1724
4506
5868
2776
5853
6775
8783
6510
3582
1090
5679
3420
5067
1228
8889
460
3977
5642
5547
9818
7391
7205
8206
1747
5316
7794
3111
5986
7705
1846
3400
7656
424
1920
4924
6063
2823
8186
7264
9104
8534
1670
8316
6504
694
750
6641
8306
1468
4883
5914
6604
4132
1994
1875
759
4457
6464
5710
8901
5627
3766
1844
8802
6070
6434
1711
1407
3601
3624
3058
684
482
8003
2162
624
5891
8871
9317
3845
2194
9132
4731
5567
8098
5134
1836
8162
1886
5573
4517
4986
6171
644
5432
6015
5147
361
7281
3548
5435
7409
4679
7212
7031
8126
3746
2594
4296
9992
8896
6480
3708
4064
4650
1756
1413
6597
818
4805
8367
3074
2345
9489
7041
2113
4592
5899
7569
5640
6216
1676
9773
9518
3824
1470
5935
1417
8590
8826
5759
8633
9543
5598
434
8892
526
5836
4183
7344
6248
7477
5497
9495
2390
9655
4056
3188
4534
9985
4963
3462
9144
9131
5828
3565
5501
6939
8178
6411
6563
3968
6888
9933
6938
6795
4276
9251
9079
8454
1189
9530
4624
8148
8492
2803
983
5582
6239
9628
4057
3093
4842
6046
8515
4554
8179
4549
1706
9381
1598
4784
1190
8567
3943
3767
6127
6223
8334
4660
5553
830
9730
6928
2970
9943
6176
7167
7356
8236
4358
6043
1306
1827
9366
6645
621
7335
7510
2705
4691
9156
5922
313
6163
4701
2501
9987
7100
7549
7424
1811
1792
8573
3037
3031
4209
2629
4942
7254
1057
2704
4403
4752
4298
3690
9260
1574
7117
9529
4352
6338
7161
9005
8917
5982
1616
8384
7552
7716
346
4283
398
4090
9135
9215
1867
6670
5829
2087
1105
8491
5007
4756
1759
2554
6805
5546
1716
3741
1740
1271
8348
4908
8111
1647
6487
376
4414
9078
6540
7539
6969
9792
499
2454
5552
2681
9033
4191
6959
4696
453
8760
1634
7908
8011
6948
8510
8428
4009
2383
1664
2595
8060
9502
2658
7075
2729
2657
6143
6105
9832
1943
9743
655
8727
712
7102
5173
5821
8280
1487
6400
9309
7415
8923
9139
6635
9895
7592
4288
3554
128
9242
45
6315
7787
3821
2854
4763
158
5930
7192
1017
7738
3596
1272
9338
6368
7807
7607
5047
164
3060
1360
5963
8080
879
7938
2868
9682
183
204
4273
3777
2932
686
4981
4462
5364
9061
6408
8062
6637
79
6973
7380
9908
3200
8354
5885
8267
8699
2610
887
2588
232
2017
4927
6859
85
5426
6566
5221
6377
648
5300
4721
9494
7622
1832
3025
8612
1328
5093
9383
838
6926
5325
8758
3071
2810
7305
3194
221
61
4629
1436
2544
558
1207
4558
2409
3483
1058
1697
4375
9783
3595
445
3362
5806
2170
6320
9010
1183
4497
9382
9817
8503
2646
6919
9585
5966
4395
3524
8181
631
4119
1663
1669
7307
5894
6181
7143
871
5702
4928
8995
9620
2972
3689
8356
3985
495
1472
618
3468
1171
2485
428
2035
73
6370
8281
1964
3592
230
8151
198
5863
7360
5012
3448
4695
6898
548
1229
9601
2218
892
2258
6940
124
6330
8473
7493
8822
1078
8406
657
4851
5250
171
7195
5392
9388
1568
3941
1365
2462
8190
473
3987
6916
3270
2142
2634
3759
7641
2050
6783
9931
6639
2271
6322
8618
1175
6214
4795
4229
347
7545
6404
6228
4541
2871
41
186
2363
288
8935
649
1608
2336
788
4115
893
89
5381
796
8217
2534
2148
9917
1556
4034
7632
494
4411
3894
3203
8150
8228
2214
9191
1109
3096
5874
1944
2679
4988
4663
1284
4877
653
437
1542
7026
7557
4700
913
7530
3709
6204
7467
6894
9787
1541
9143
8193
2875
1499
1947
8632
1871
3699
651
1059
1395
285
5703
2274
1761
3778
825
7115
2472
7156
4038
2612
8542
4814
451
6546
2058
8905
6042
839
2669
6987
585
3241
9591
8789
9780
8115
1340
5064
733
9209
5136
7149
9042
9510
5444
5396
1348
4339
7659
3848
67
303
2753
3005
6931
5988
8415
6211
8039
6823
1956
7061
6678
2518
845
4852
9371
8797
2671
1793
7865
9894
436
6012
5733
7116
4461
8072
995
2677
504
1024
6249
3027
6827
7060
1883
3131
7626
5519
2463
6327
8715
4224
9898
9067
1275
2169
5719
2582
3905
343
5648
9906
5
3473
5498
5034
1033
9539
314
6262
8684
6144
7574
7954
1954
3981
4982
2299
5032
6187
6828
5588
6151
6082
2878
9374
1665
4131
319
9507
2392
9103
44
6123
2263
5608
5781
2
8078
2842
6870
4662
1280
8794
3989
3561
9659
1270
4615
8090
6115
9402
309
9249
2792
2576
3013
6203
7265
2712
5130
3132
7035
7631
1884
475
4453
3146
423
7435
1012
3452
8875
7132
6342
4550
9592
2979
567
8666
4905
3669
6891
2193
612
5503
86
6049
3731
7107
5385
7962
8587
7208
4562
134
4758
7786
4149
7062
9112
8099
5681
6231
6988
8107
4324
244
5200
4845
77
8295
6008
4888
8044
8253
1599
3276
502
8909
2882
3267
6263
7359
7428
9567
9043
1775
8257
6119
4275
7639
336
8068
8087
737
5846
9419
7366
9373
2102
154
9688
7520
7329
1615
513
4501
1963
4397
9498
931
9023
2068
5356
5637
7947
7840
8645
3812
7223
3345
743
2745
3020
4116
4238
7516
6839
4303
8394
9426
6602
5353
8299
7801
6829
2103
3351
1412
7546
7353
3553
2184
3997
8041
7008
7934
4880
1251
9405
2379
1398
8950
6369
5452
9264
1492
4104
9341
6534
1888
6842
6129
396
3142
5468
8741
9664
8900
4619
7504
3606
1734
506
5121
789
1307
5277
7548
958
7448
9775
32
7724
7559
7263
7913
7245
9151
5754
7122
1784
6146
949
3281
2577
4454
4073
1745
9527
2793
1850
7104
5122
8692
1696
9376
474
8531
4875
4294
1840
2136
3401
6460
6907
5652
4706
8102
6337
4241
9284
344
1313
7664
530
6118
2787
8791
3696
3123
9017
2988
7099
9801
1368
7047
3392
5948
5428
884
3004
3837
7085
511
4802
3602
6213
1327
6869
9684
8144
4828
5888
2880
5801
6853
6031
4992
3770
6246
2852
2359
4317
7459
1378
3956
4020
4776
656
2522
7093
5748
1767
501
4338
3253
2434
697
4690
2502
7270
5394
4322
7627
9210
9240
8893
7916
2553
3656
999
9153
596
5307
1714
7118
99
8300
6716
3475
5488
7179
1866
7361
5099
9796
9281
4675
1118
8849
8177
1823
4821
7771
3564
7216
7984
3535
5665
2111
2453
4665
2710
9464
6446
3366
3516
992
7222
9172
4412
4902
9217
7898
963
5354
6041
138
5418
6381
966
5964
7635
5419
2370
83
3784
3720
5909
3466
5100
6754
5464
5098
8171
6004
1292
1097
2466
3500
5467
8268
8569
5369
3625
2401
8941
2563
4824
220
2648
6441
5717
4873
9588
5984
6438
6481
6417
6878
9362
3159
729
4402
9952
5062
200
3221
9416
5484
8468
140
2520
8617
5001
3104
3734
8904
5704
2025
2114
4879
9696
5255
1707
295
6371
9702
8988
9087
3924
276
3580
8021
2546
8123
5183
6403
339
1367
9344
3910
4838
5225
399
6992
5319
8899
7680
1204
1517
3156
6782
6255
206
7948
5545
9413
3588
8134
2309
3846
8640
2157
6116
1611
2260
1516
8136
5952
7615
4631
7346
7718
5626
7602
5561
4258
4242
7225
2061
4681
9840
3484
6175
9392
6750
9486
2163
5563
3664
3055
8495
3202
8304
4252
5337
8757
52
3798
1145
2291
5732
8748
5413
4059
3137
9483
4289
7903
3051
8438
1051
1041
4193
9141
1031
8954
9180
5929
7363
5237
3190
8453
4185
5587
592
9001
3302
7239
4102
5139
6885
7320
946
3779
8749
8537
1782
3445
6562
2349
9896
6191
5109
9254
4589
4167
4227
8170
5953
3510
3423
5384
7262
6529
6844
1860
9600
8823
4641
9328
4528
928
7378
7333
5097
5729
7859
3825
2761
2651
3794
988
7382
2570
8767
1859
6160
6010
2778
3762
7925
1047
1489
2799
6610
5535
8370
3888
4383
7048
9656
3619
3168
4472
5313
5857
745
8678
5460
4488
1026
723
8703
6453
2912
5662
1605
943
3198
7853
9964
8475
2566
915
3191
529
3986
8006
3406
4957
1269
487
1628
2315
5349
3370
559
8481
4911
3124
8834
5566
9683
1070
5761
8465
6365
8030
3232
9189
8019
8227
1887
8456
1749
1329
7553
4015
4715
111
5281
2665
8048
7461
4257
900
7527
4868
9288
6621
3262
3192
2840
724
7927
817
6414
9200
4260
5383
1694
8010
4004
6578
416
4633
2690
6499
3030
7430
2741
5515
6943
6319
4504
8925
4508
9423
9596
9302
6359
2470
1159
7584
8237
9278
4626
709
3081
3011
8955
8184
8297
2586
5483
9737
5918
2556
5618
9580
2907
1686
1023
7030
667
1593
8430
6444
9958
5213
1281
2888
2950
207
6561
1166
4354
6470
1126
1123
3620
6440
8015
5508
8020
2507
2619
9880
2750
4867
4553
8777
2911
4625
8224
5833
8403
6633
7882
7095
6477
952
557
6358
3685
2415
26
7993
9447
1940
6157
272
95
114
674
8432
5715
2334
7377
599
1007
1454
1363
7136
9535
2781
4194
8546
4208
9126
9637
6091
2641
9949
2458
2010
7187
6912
6717
820
7151
3056
9178
8743
9351
8429
1807
8550
3218
9593
1641
3358
5825
8301
9334
1103
8719
3244
9778
4217
3569
1092
4456
4147
7483
3557
8340
8547
8421
9201
1715
8220
834
1143
2019
8303
2324
5463
4178
3223
7491
5599
1167
5089
3076
5442
98
2960
555
133
3694
5659
7089
484
306
7499
5311
713
1414
8024
9441
782
5430
5201
3861
3827
7979
163
3947
4965
1444
7610
5117
6719
6325
4726
1212
7045
8075
4608
5808
6713
5589
3116
5654
152
6194
6814
2678
8374
706
1244
608
8092
9779
8549
8045
10
9101
7648
9243
6528
3118
2881
518
2181
70
7734
8913
6560
9062
7684
901
8753
1152
3612
8331
4993
1977
1937
4037
9571
8172
4984
8322
9771
5095
3549
9100
2228
6508
5490
8435
3721
5370
7757
840
3545
7654
5798
7440
1120
1032
3053
2835
2131
5690
3808
8663
4393
2935
2286
751
1260
6235
4122
4699
1820
9387
8707
8984
5645
8718
4577
8037
766
9579
5333
5758
9232
8841
6906
9145
3330
5462
9437
469
2650
1185
7400
3638
5017
6399
799
4213
962
2976
3883
4944
6111
7780
2510
671
8221
4266
9598
2234
1554
3300
8655
5306
3346
2736
8455
549
4713
1693
6431
3465
9348
107
201
2391
4085
3255
6186
3919
2052
5666
333
2251
6077
2758
9476
3938
4694
6402
2636
8778
7128
6977
8420
5057
1717
2264
2891
4133
8698
9173
9885
9681
3114
6307
6291
5903
4609
8811
4640
7490
4169
7282
3675
8540
7835
6
2272
4535
280
5525
1379
122
1110
6329
5784
7038
4460
9029
9361
9088
7103
5707
1966
1253
106
5502
595
9994
2940
4748
3550
3467
6013
3581
6064
4607
3049
8452
9024
9356
2268
5937
3275
4400
8862
3934
3842
2381
4745
3141
5264
8635
8562
8142
8619
4353
9533
4714
6362
3165
4168
6811
3338
9493
9097
7922
8795
852
5976
3246
110
9357
7507
5314
4750
3087
5607
3811
8100
4918
2860
9870
7185
9451
7056
855
4614
1302
1117
4520
4001
7676
2223
896
4983
8185
1224
2110
3489
3496
7484
7096
2499
5831
3245
5119
7967
2168
4415
3650
3122
5718
2488
3007
1763
9018
3730
6260
682
5111
341
9831
2430
3912
4954
8173
6184
6449
4693
8803
9352
505
7649
5404
5401
3084
5965
7651
6159
705
5911
1421
8189
7909
7215
1072
3279
524
907
1384
2467
6569
2023
6126
1460
7082
8532
1563
40
6209
3035
7303
5768
3631
4418
635
4100
443
924
628
2495
5144
8131
8613
1959
22
112
1753
476
118
3993
7886
2893
3331
575
7673
675
9536
5157
8135
1158
3774
9629
5543
8120
6962
374
2738
9661
8828
9155
7310
3891
2000
9177
956
806
9265
1566
9064
7365
8477
2609
8520
1829
591
1048
5969
2179
6557
1324
5153
5158
261
4627
2987
5217
1093
8286
9904
5024
6128
5339
1914
6748
7258
663
3369
2241
5635
3760
4853
4000
3851
425
1494
841
3320
3671
7860
5143
5972
6996
8685
3843
8012
3395
7495
933
2905
2998
9776
1720
2783
7170
3563
491
9692
7202
6461
9182
5778
2667
9263
1386
6054
9231
5154
829
8387
8187
4819
330
1405
9914
380
2952
8745
5359
4586
2559
4150
2747
5088
4866
7672
9142
3386
5000
2480
2373
3927
2846
8940
3269
7253
6024
5292
6591
5628
1831
7228
6199
1214
1341
5380
7109
5687
1060
3140
4503
2327
4066
843
1459
2855
9287
7792
9207
2325
6596
3611
5617
6166
747
2425
4490
9037
8054
4050
4820
7671
1874
8654
9106
5896
8930
1571
5477
9919
9415
7768
421
2257
8114
8594
2422
5164
4305
7295
9511
9632
4203
3970
6099
8525
1086
7334
2331
4280
8329
9583
1392
2092
7406
8042
7044
6426
8261
8852
2249
1020
2330
8779
234
5773
4190
9339
7444
9169
6763
790
4788
6069
7845
6545
8978
7293
189
2662
466
6339
8960
6397
6760
6532
3617
187
6953
1965
5616
6445
1754
6076
5996
1345
3136
4980
2762
3150
2543
2695
654
5550
6045
5532
5096
7975
3716
8315
7521
5670
7710
617
927
2329
12
5362
8846
6517
1869
771
6841
7227
8813
9905
3750
5106
4206
634
7848
3723
9409
8912
3800
5786
8347
850
2322
4429
8670
9687
5804
4378
4759
7153
4315
6548
2348
6493
7729
9872
875
6550
700
7292
4325
2126
3333
2551
2910
290
6937
2523
6726
5223
8979
2850
5059
7284
5767
3680
3732
4320
2733
8558
5230
795
6011
6306
1081
5527
7413
1702
3590
9978
2399
5757
4770
7525
4932
3212
1984
5651
1689
5611
4637
4998
3893
6413
1771
5425
4933
7968
4006
5171
8398
9324
8854
8231
7596
8695
337
9874
286
6210
7052
1623
8507
144
2177
9852
9482
7315
1865
5352
2537
4459
5518
3012
1230
3832
8620
1581
2411
9282
7529
3470
668
4622
3402
6014
9685
8524
5342
1236
5449
142
5443
9869
3547
3424
3088
4321
9221
412
1310
1682
8467
8169
2737
8076
7998
6514
1845
6033
307
9031
9794
5040
8084
828
4277
5291
2769
2395
7863
2921
7077
8197
2898
5445
471
4977
4492
5809
5411
2574
9273
5820
9054
6094
5842
8258
1299
2914
5904
6892
1501
393
9391
8425
7283
1135
7063
5261
3038
4079
5847
5431
616
6628
3971
6773
5332
3823
4448
6547
4855
5819
3322
4437
8238
1325
8350
7188
778
5521
8324
2530
2851
3485
5912
4973
8138
6536
1848
5175
920
5766
7519
4382
255
4236
9912
2670
4306
1495
1075
9913
9782
472
5872
7719
4952
8628
8676
4751
8682
6038
7568
1215
1364
5740
2281
8833
5517
7564
7983
8800
6559
1296
8036
3867
7112
4559
9738
6583
9448
5366
2452
5114
3599
6845
5317
1400
1443
7105
3152
8584
1082
419
2621
4010
9854
7345
7389
4513
7790
4128
2372
9053
9819
8026
4202
3195
2627
3413
6021
8634
1242
7235
6051
7374
3134
7078
3388
5107
390
9068
9314
6733
8277
8571
5063
3728
2155
5505
3651
6808
8986
2043
7165
9512
5112
9107
1520
9048
5330
2221
4364
7558
7321
5128
2159
4495
2056
3211
5412
6473
359
1150
7094
3427
4427
2187
3793
4158
1083
5023
7379
2848
382
2075
9082
9121
7743
3425
581
4730
6274
6552
1812
9690
6511
3572
3316
9011
9499
4812
5625
8693
1
1681
6653
1958
5782
7772
6020
4072
8643
4360
4435
5528
5310
2186
9245
9130
1545
9285
4417
146
1446
3430
9411
968
5472
9774
4373
9988
9458
1471
7777
8710
9211
7191
6684
3238
8879
6900
642
5480
8313
8782
4531
3497
1780
3334
2191
6003
9959
5299
6350
7901
5633
7999
2560
2817
1160
2389
3368
971
6153
1046
5514
1267
6299
4426
9861
8934
275
5797
5028
2896
3673
9117
6701
4216
6531
5604
5870
3693
9058
197
9327
9321
9928
126
4083
1731
8888
7402
305
4177
8933
5708
9286
2226
1355
776
726
858
239
2827
2656
1955
7802
7668
4171
3702
7964
6751
9660
732
5742
4789
3382
8357
324
2917
7621
9077
1206
8827
2459
1785
3239
370
7436
6236
438
8816
2304
1907
1056
2357
4628
4573
7696
7633
5441
1679
2048
5022
9587
4145
3740
3815
1196
1760
5861
4424
224
5377
9465
7269
5016
4720
258
7864
7669
3537
2801
1783
1525
3254
1787
3962
9644
3655
2500
5772
2153
1692
39
1085
3422
7565
9888
6393
7782
2676
5320
5957
704
3518
6946
9599
490
553
9165
7538
7778
7500
6776
9203
5892
9275
7591
7142
3506
2443
6803
2266
7330
3630
7663
6998
1882
3438
2869
2086
5338
7336
6787
5013
3453
602
4406
7566
945
1068
6686
4494
9297
3552
9739
6345
4644
6836
2444
3354
7815
5934
2623
5671
1774
5178
4077
3610
5712
5222
5254
2278
8756
8506
3829
6882
8831
7468
9439
6269
483
9369
520
1217
2964
6137
3864
1100
8603
9635
7426
4384
5102
6577
2108
213
3703
2482
9007
5680
2335
7209
1290
299
3817
4198
8049
2064
15
3085
322
9038
9421
9094
5685
4742
2955
6290
9378
4636
2060
3283
7220
5104
8788
9922
2474
149
7390
7297
7917
8600
5125
406
8139
7751
3900
3792
6430
1497
8517
2432
1197
1758
5190
3301
8952
8953
8991
2378
2124
823
519
2237
2152
1113
2140
9884
7351
7981
1200
8931
4939
93
3577
8716
3186
9602
3637
8002
8568
94
6746
8631
2328
981
7774
8557
2426
7476
2571
4029
7196
4736
7970
695
371
8470
6792
20
4515
5624
6738
9606
6420
1537
409
5788
2949
5548
1710
7386
5752
6429
4711
5086
3429
7210
9713
1770
9469
8585
17
9558
6896
3481
8312
5495
6778
4451
8785
6699
4114
2262
3952
4442
8987
1543
9534
6824
9345
5351
7683
4527
6785
811
6394
877
6667
6479
8338
6079
2217
9045
9485
9488
7306
6349
9206
2774
2956
4686
3768
9475
2333
8680
4943
5481
3437
5101
9056
9717
4207
810
2455
6954
6219
7017
9183
597
2440
665
6068
9235
3850
3776
8431
9379
1252
8239
6712
7866
9158
4159
1089
6006
9910
7193
238
4595
7042
7289
6927
9638
9612
1527
1797
1181
5630
6323
8513
2062
7198
545
4766
6766
1725
3844
389
4436
882
5678
8705
1604
5318
3929
7127
277
196
6868
3065
571
7875
4314
739
4669
1426
268
3256
639
3461
3626
5581
2138
510
5049
6815
8723
3161
1289
6687
3144
6052
3167
3684
4914
2033
6492
3183
4958
2514
4979
9740
9623
9948
6097
5361
7608
5235
3921
4718
2100
1186
1841
8975
3236
4117
2655
4143
8158
1643
8768
8344
1049
9554
3969
5675
2715
3733
7405
3701
5227
1202
869
1137
5524
7855
7055
3115
780
5989
6405
2238
6167
2307
3373
8971
3925
7594
1930
4949
8400
1967
1287
2398
1337
9735
8175
693
9856
7640
851
4205
7106
4555
1456
6616
2994
3315
7828
1532
3397
2847
9014
211
3113
7906
5622
3644
3415
3215
6631
3933
9452
7921
1184
7652
9477
5541
2132
3482
9862
9052
2542
2759
2284
798
692
4537
218
4705
7015
4959
2583
5827
905
6002
6443
332
1821
1411
3001
3083
6134
4697
761
1339
1101
8436
4613
7805
108
6755
696
4960
6251
3129
8784
3849
6835
6780
8204
532
4299
4265
957
9515
9051
240
8276
3193
3412
9167
2697
6050
849
9704
3376
7709
243
3450
6026
7071
5329
6630
1369
7824
1546
402
1946
3185
5324
9400
6715
5177
6661
241
3752
2151
6889
4371
4578
7634
3169
5199
1303
7904
1257
9890
7152
3064
284
9194
2692
8924
6997
7517
2735
7776
3967
4921
2509
8390
6351
4947
2127
6949
2795
4369
9036
5692
2099
8279
7721
4078
9161
8291
4906
5409
1653
897
2478
2130
6276
1997
6886
9812
8985
2096
2082
8673
7155
835
3495
5673
9760
9481
9679
7599
7896
2171
9590
8392
615
5869
2886
208
3258
7125
3184
6285
6821
6505
822
5218
4975
4825
3100
5387
3073
3063
1898
8732
2105
883
8373
6410
2018
8512
6843
2593
7834
6298
6876
4251
9551
8881
6001
7189
2971
2934
5072
4600
1773
3040
5068
3634
4040
3459
1309
3781
2199
3103
352
5873
8625
4302
7473
5975
6293
9364
2143
9039
9803
7577
3931
9456
5938
7514
2427
3119
3608
8903
6714
6520
1114
3101
9020
6227
6818
2687
7158
2879
8056
9454
6788
7531
9223
9336
7135
8414
3219
18
203
7797
5423
3404
8529
4583
1583
5478
725
6156
5274
872
3431
2933
8548
36
922
698
4651
6145
2908
2188
259
812
4809
9187
375
9468
5509
1530
5643
3403
2115
7240
727
387
9841
8250
4027
5129
6861
8965
7129
1418
4649
4744
9653
3187
7629
4995
1061
606
2725
5711
3856
8521
8798
5234
2209
1403
6117
2435
9868
8040
2539
1878
6989
8801
8488
7296
6571
643
3521
3384
7817
576
8103
687
8866
2809
3990
6875
166
7657
7160
5161
658
9950
7496
8598
7150
6304
2342
1015
4772
6847
7857
821
2016
385
543
8973
9239
3623
5979
3399
7561
6135
881
143
6261
1549
56
8544
7625
7861
1332
4326
4144
1870
2376
1577
2942
6674
3006
2202
7623
1722
6385
3568
2903
9021
127
1447
9927
7259
5664
9967
3021
8290
8154
448
4075
6245
5636
8423
1431
7166
4267
3865
4571
150
4450
9665
3078
6666
5355
1897
3375
6880
1513
9799
364
5066
7197
9965
1119
6466
4677
6032
4778
1818
3573
5949
9123
363
2561
5871
2962
8855
1462
478
2215
6579
6407
572
2771
1314
153
9892
4787
4218
5520
6622
3688
9808
2613
7985
5575
8116
8895
3963
6297
9548
4964
9642
9678
2526
9942
8877
365
9966
3227
6502
4186
3364
594
1354
3226
5422
7076
7354
6957
4477
4806
5837
254
1562
7874
3
5995
3311
7585
9113
2922
1858
4840
3278
7509
8198
184
4659
4405
6935
4231
7972
403
3539
9069
7688
5730
3344
9830
5405
5308
6915
4811
4154
4309
7086
8769
5165
4882
3950
5182
7266
623
8864
6034
3763
9577
8022
6398
2323
2402
1439
8597
9450
228
8772
8323
6027
8463
801
355
8446
9136
3439
8787
9960
3926
5113
3543
7571
6340
4582
7997
5011
4861
2167
8201
4088
2216
6825
7088
7387
7837
7285
5229
2145
6603
6685
993
6673
6990
1192
5549
9090
6644
4398
1155
7058
4605
876
2943
4779
9795
3678
9845
8873
3502
4416
9858
8656
8535
180
5138
8104
666
4813
4536
8389
3173
3692
2740
9724
1233
202
1264
8153
679
3729
7829
4570
6489
6428
3531
8410
3312
3649
2192
6372
6657
165
5159
607
3240
4349
2431
5835
6019
2599
3525
7139
6605
7808
7730
2125
6270
8592
3158
1108
8156
6278
9026
7731
2213
9848
1659
9236
9035
9699
7749
5775
1295
8125
4233
8502
2567
8735
3016
5251
7687
5302
7024
1732
1649
9805
3542
5108
5455
9680
5304
6242
3814
2205
1918
1050
3380
2481
3978
2449
4674
6173
7715
3309
2944
4841
84
2024
716
4148
1684
8706
4953
6515
4307
9377
769
4856
9109
5785
7002
2253
2661
2608
9294
6283
9192
6683
8447
7376
329
6895
2369
422
2326
9395
5586
7583
1650
8029
2497
6229
6929
9099
9330
6849
6102
8089
1885
3112
6005
8270
6947
5700
6568
156
1177
6930
4101
5282
7628
4235
1521
6975
3806
4054
3660
1768
7471
5612
3972
1188
3018
420
3017
247
3560
1079
5389
4118
1374
6478
4318
351
8443
5830
5245
6471
6009
535
1927
4664
5932
7298
2867
1877
410
3061
5266
7497
5328
4496
6614
753
1667
1518
1381
5343
2088
1022
4548
8595
8829
414
1279
253
2718
2754
1695
4539
948
521
1680
9073
4579
8050
4281
8385
7604
3614
2250
5272
9280
5247
2489
7171
954
9212
5554
4987
3339
3208
7182
7963
356
9835
2029
6913
7407
8929
5137
1668
7841
8764
4182
3317
2382
3324
5883
7449
2685
119
4444
3882
3771
3210
4522
248
6619
9326
3859
1500
3749
6744
672
7601
3911
117
752
1699
6016
4572
3303
8884
1945
3205
4180
9516
8880
3371
1849
3138
659
4687
42
3405
2353
1730
4931
6197
731
9455
6468
8951
9393
7726
1640
5471
7145
857
6995
5539
8885
6904
2090
9934
1286
3299
6232
2388
9002
1389
6860
2072
4176
3747
6629
683
1992
9863
3231
5006
4668
174
804
7991
9899
1144
5257
6379
986
1066
8599
6367
7050
6872
6721
7339
6237
6309
7892
7955
3908
6762
4872
676
1815
4127
426
5993
7769
3719
1187
9701
7016
4060
3432
3252
4141
7241
6221
7480
9504
8327
1319
7590
8998
4823
6735
190
2185
8543
6497
6048
3742
9525
489
7936
3713
7385
360
781
9573
2305
4111
9163
1843
2496
2173
4323
1757
2172
2386
3350
429
9569
2640
2874
2786
9310
6800
2856
2978
6609
8850
760
980
6855
8249
5696
7370
4816
3039
2295
7542
7816
9557
3099
4256
5959
5513
8159
1514
4204
1806
1408
5796
6708
215
4452
6585
5491
6318
2011
5579
1034
8064
8497
5851
7693
4222
71
2770
9883
2815
7809
568
1199
8509
6874
2279
7714
4458
6142
7466
794
3847
7681
661
1595
6488
9044
6120
2906
3291
194
6212
4915
9404
6734
8272
2825
8486
662
1301
2227
6972
4259
3189
8254
449
9815
7358
6347
7513
4533
9438
6691
8105
7820
7990
3517
8081
9768
8269
779
1690
8405
8944
719
9350
6257
3515
7868
5813
5321
4955
4835
4782
7018
6130
5141
2607
5850
9503
3264
4785
5672
6185
997
4970
7518
9544
7675
5142
6777
9474
8814
5583
216
2524
3796
8222
3597
906
1466
7183
937
4796
3585
8523
7237
3999
4862
5271
3654
8945
2494
8538
2511
7762
3343
7982
6140
7309
7456
9746
1218
9186
6180
1909
3155
7586
8689
5284
3160
2727
9565
6925
9806
4829
96
7523
9248
7742
3706
783
2863
1127
9102
1424
6553
6623
3994
3809
707
1293
9305
1425
4011
4297
4648
7674
1037
9790
7897
1477
7079
4676
2412
3367
4142
9809
7883
8918
5206
9647
7810
3201
1002
9570
7138
6589
9453
5854
6958
3942
5682
2340
8133
6084
5688
5172
4107
9998
8964
792
7506
3643
8310
9945
